%YAML:1.0
CM1: !!opencv-matrix
   rows: 3
   cols: 3
   dt: d
   data: [ 3.4624667294342140e+02, 0., 3.2296270738764053e+02, 0.,
       3.4814695165047664e+02, 2.2798673875384057e+02, 0., 0., 1. ]
CM2: !!opencv-matrix
   rows: 3
   cols: 3
   dt: d
   data: [ 3.4624667294342140e+02, 0., 3.2297454942091969e+02, 0.,
       3.4814695165047664e+02, 2.2260271126994584e+02, 0., 0., 1. ]
D1: !!opencv-matrix
   rows: 1
   cols: 5
   dt: d
   data: [ 4.0810545771702018e-02, -5.5146948216173795e-02, 0., 0.,
       -1.0699945080540967e-02 ]
D2: !!opencv-matrix
   rows: 1
   cols: 5
   dt: d
   data: [ -4.1517295948878480e-03, -6.3048645564890801e-02, 0., 0.,
       2.6230588559845371e-02 ]
R: !!opencv-matrix
   rows: 3
   cols: 3
   dt: d
   data: [ 9.9932045242870449e-01, -8.5237012978367466e-04,
       3.6849787283660951e-02, 4.3516563384457562e-04,
       9.9993573806282143e-01, 1.1328299767907536e-02,
       -3.6857075149288890e-02, -1.1304565888273013e-02,
       9.9925660508275715e-01 ]
T: !!opencv-matrix
   rows: 3
   cols: 1
   dt: d
   data: [ -1.2963101353251465e+01, 2.5751998306872595e-02,
       2.2851430168288517e-01 ]
E: !!opencv-matrix
   rows: 3
   cols: 3
   dt: d
   data: [ -1.0485849077751467e-03, -2.2879073207280076e-01,
       2.3144175891504637e-02, -2.4942298540046751e-01,
       -1.4673701212917512e-01, 1.2961885353002044e+01,
       -3.1375594815946303e-02, -1.2962246369012524e+01,
       -1.4779885371113791e-01 ]
F: !!opencv-matrix
   rows: 3
   cols: 3
   dt: d
   data: [ 3.0129552855530364e-08, 6.5380844196267151e-06,
       -1.7305861603542096e-03, 7.1276861609266457e-06,
       4.1703718433321084e-06, -1.3150527848739116e-01,
       -1.2842209559609412e-03, 1.2521611334726163e-01, 1. ]
R1: !!opencv-matrix
   rows: 3
   cols: 3
   dt: d
   data: [ 9.9981200113082169e-01, -2.6391112207176850e-03,
       1.9209307294811417e-02, 2.5299506280199143e-03,
       9.9998052724045150e-01, 5.7047777983290594e-03,
       -1.9223988779688641e-02, -5.6551067074997281e-03,
       9.9979920885322038e-01 ]
R2: !!opencv-matrix
   rows: 3
   cols: 3
   dt: d
   data: [ 9.9984268970095524e-01, -1.9862490117512756e-03,
       -1.7625284860749112e-02, 1.8860977227991504e-03,
       9.9998199293520762e-01, -5.6970554420893533e-03,
       1.7636283251844388e-02, 5.6629162269545381e-03,
       9.9982843172859781e-01 ]
P1: !!opencv-matrix
   rows: 3
   cols: 4
   dt: d
   data: [ 3.4623891617283454e+02, 0., 3.3388606262207031e+02, 0., 0.,
       3.4623891617283454e+02, 2.0614714813232422e+02, 0., 0., 0., 1.,
       0. ]
P2: !!opencv-matrix
   rows: 3
   cols: 4
   dt: d
   data: [ 3.4623891617283454e+02, 0., 3.3388606262207031e+02,
       -4.4890363344365842e+03, 0., 3.4623891617283454e+02,
       2.0614714813232422e+02, 0., 0., 0., 1., 0. ]
Q: !!opencv-matrix
   rows: 4
   cols: 4
   dt: d
   data: [ 1., 0., 0., -3.3388606262207031e+02, 0., 1., 0.,
       -2.0614714813232422e+02, 0., 0., 0., 3.4623891617283454e+02, 0.,
       0., 7.7129898351845430e-02, 0. ]
