%YAML:1.0
CM1: !!opencv-matrix
   rows: 3
   cols: 3
   dt: d
   data: [ 3.3031585352882814e+02, 0., 3.1913610844937625e+02, 0.,
       3.3096208944440986e+02, 2.2505836255416821e+02, 0., 0., 1. ]
CM2: !!opencv-matrix
   rows: 3
   cols: 3
   dt: d
   data: [ 3.3031585352882814e+02, 0., 3.2969756469081346e+02, 0.,
       3.3096208944440986e+02, 2.2238422893130300e+02, 0., 0., 1. ]
D1: !!opencv-matrix
   rows: 1
   cols: 5
   dt: d
   data: [ 2.5861167141802838e-02, -7.2141880993106977e-02, 0., 0.,
       2.1337673753172762e-02 ]
D2: !!opencv-matrix
   rows: 1
   cols: 5
   dt: d
   data: [ 2.6955987857062564e-02, -7.5035513172423088e-02, 0., 0.,
       2.6727074309856561e-02 ]
R: !!opencv-matrix
   rows: 3
   cols: 3
   dt: d
   data: [ 9.9996812288451298e-01, -7.0193921983178848e-03,
       3.8054366359005784e-03, 6.9296726271176065e-03,
       9.9970918188623048e-01, 2.3098296249828371e-02,
       -3.9664659464865278e-03, -2.3071189512681230e-02,
       9.9972595613116166e-01 ]
T: !!opencv-matrix
   rows: 3
   cols: 1
   dt: d
   data: [ -7.5130911359022212e+00, -1.4462461863188653e-01,
       1.0101731242123013e-01 ]
E: !!opencv-matrix
   rows: 3
   cols: 3
   dt: d
   data: [ -1.2636827992340690e-04, -9.7651272772318221e-02,
       -1.4691831295053442e-01, 7.1213672137289949e-02,
       -1.7404502955715023e-01, 7.5114166343219519e+00,
       9.2556746426714590e-02, -7.5119213698292091e+00,
       -1.7298924498683413e-01 ]
F: !!opencv-matrix
   rows: 3
   cols: 3
   dt: d
   data: [ 7.4997154444172956e-09, 5.7840999392793202e-06,
       1.5759763203053541e-03, -4.2181426313362090e-06,
       1.0288940921874044e-05, -1.4793283668335969e-01,
       -8.7887091774477418e-04, 1.4277815957348589e-01, 1. ]
R1: !!opencv-matrix
   rows: 3
   cols: 3
   dt: d
   data: [ 9.9987925333660710e-01, 1.2531441904313791e-02,
       -9.1892170954781006e-03, -1.2424495711294250e-02,
       9.9985547452786616e-01, 1.1604394123601784e-02,
       9.3333088103335314e-03, -1.1488821543337744e-02,
       9.9989044216163814e-01 ]
R2: !!opencv-matrix
   rows: 3
   cols: 3
   dt: d
   data: [ 9.9972444798124827e-01, 1.9244378167510318e-02,
       -1.3441801126873151e-02, -1.9398317585020346e-02,
       9.9974664249015233e-01, -1.1417359788441840e-02,
       1.3218675556168494e-02, 1.1674962039077088e-02,
       9.9984446884399314e-01 ]
P1: !!opencv-matrix
   rows: 3
   cols: 4
   dt: d
   data: [ 3.3096208944440986e+02, 0., 3.3203289031982422e+02, 0., 0.,
       3.3096208944440986e+02, 2.2218595314025879e+02, 0., 0., 0., 1.,
       0. ]
P2: !!opencv-matrix
   rows: 3
   cols: 4
   dt: d
   data: [ 3.3096208944440986e+02, 0., 3.3203289031982422e+02,
       -2.4872337027923859e+03, 0., 3.3096208944440986e+02,
       2.2218595314025879e+02, 0., 0., 0., 1., 0. ]
Q: !!opencv-matrix
   rows: 4
   cols: 4
   dt: d
   data: [ 1., 0., 0., -3.3203289031982422e+02, 0., 1., 0.,
       -2.2218595314025879e+02, 0., 0., 0., 3.3096208944440986e+02, 0.,
       0., 1.3306433129819803e-01, 0. ]
