%YAML:1.0
---
width: 640
height: 480
intrinsic: !!opencv-matrix
   rows: 3
   cols: 3
   dt: d
   data: [ 2.0250378277479234e+02, 0., 2.9796620150341113e+02, 0.,
       2.0281941761436181e+02, 2.3191315223688474e+02, 0., 0., 1. ]
distortion: !!opencv-matrix
   rows: 1
   cols: 14
   dt: d
   data: [ 6.8593303480520551e-01, 4.2011820483291068e-01,
       7.3667325626477996e-05, -1.6005483522711890e-03,
       1.8018005066886382e-02, 6.7297543799209014e-01,
       4.6676307049296545e-01, 4.2213839918475819e-02, 0., 0., 0., 0.,
       -5.3333149767019895e-04, -1.0862426902098711e-02 ]
extrinsic_rotation: !!opencv-matrix
   rows: 3
   cols: 3
   dt: d
   data: [ 9.9997018707129948e-01, -7.0450331254406267e-03,
       3.1610879221878590e-03, 6.9920824595490127e-03,
       9.9984007203663794e-01, 1.6460289567603877e-02,
       -3.2765456610925926e-03, -1.6437696250750783e-02,
       9.9985952332840178e-01 ]
extrinsic_position: !!opencv-matrix
   rows: 3
   cols: 1
   dt: d
   data: [ -9.3070286986915704e+01, 2.1115858865806256e+00,
       -8.3184372721997812e-01 ]
rect_rotate: !!opencv-matrix
   rows: 3
   cols: 3
   dt: d
   data: [ 9.9948514570938396e-01, -2.9867520266899986e-02,
       1.1720697052552961e-02, 2.9770070358031673e-02,
       9.9952145519438196e-01, 8.4025898973487806e-03,
       -1.1966052697913758e-02, -8.0493378119881661e-03,
       9.9989600546437785e-01 ]
rect_position: !!opencv-matrix
   rows: 3
   cols: 4
   dt: d
   data: [ 1.4091502364913438e+02, 0., 2.9390179061889648e+02, 0., 0.,
       1.4091502364913438e+02, 2.2817537689208984e+02, 0., 0., 0., 1.,
       0. ]
disparity_to_depth: !!opencv-matrix
   rows: 4
   cols: 4
   dt: d
   data: [ 1., 0., 0., -2.9390179061889648e+02, 0., 1., 0.,
       -2.2817537689208984e+02, 0., 0., 0., 1.4091502364913438e+02, 0.,
       0., 1.0741374592452783e-02, 0. ]
