%YAML:1.0
---
width: 640
height: 480
intrinsic: !!opencv-matrix
   rows: 3
   cols: 3
   dt: d
   data: [ 2.0143920813180324e+02, 0., 3.2393287418479883e+02, 0.,
       2.0175511911510313e+02, 2.3262107353807286e+02, 0., 0., 1. ]
distortion: !!opencv-matrix
   rows: 1
   cols: 14
   dt: d
   data: [ 3.3812303768273205e-01, -5.6463710841286333e-02,
       1.4997107110231024e-03, 1.0046526771142401e-04,
       -2.1446936390063606e-02, 3.2266942053313935e-01,
       8.3741354004255360e-03, -3.6451157443352235e-02, 0., 0., 0., 0.,
       -6.6659054182302115e-03, -5.2600257676116229e-04 ]
extrinsic_rotation: !!opencv-matrix
   rows: 3
   cols: 3
   dt: d
   data: [ 9.9997018707129948e-01, -7.0450331254406267e-03,
       3.1610879221878590e-03, 6.9920824595490127e-03,
       9.9984007203663794e-01, 1.6460289567603877e-02,
       -3.2765456610925926e-03, -1.6437696250750783e-02,
       9.9985952332840178e-01 ]
extrinsic_position: !!opencv-matrix
   rows: 3
   cols: 1
   dt: d
   data: [ -9.3070286986915704e+01, 2.1115858865806256e+00,
       -8.3184372721997812e-01 ]
rect_rotate: !!opencv-matrix
   rows: 3
   cols: 3
   dt: d
   data: [ 9.9970281595354527e-01, -2.2681334991901139e-02,
       8.9351450764527489e-03, 2.2754082389054894e-02,
       9.9970806761331421e-01, -8.1259635419646328e-03,
       -8.7482289169979258e-03, 8.3268596624656542e-03,
       9.9992706328960679e-01 ]
rect_position: !!opencv-matrix
   rows: 3
   cols: 4
   dt: d
   data: [ 1.4091502364913438e+02, 0., 2.9390179061889648e+02,
       -1.3118900419704714e+04, 0., 1.4091502364913438e+02,
       2.2817537689208984e+02, 0., 0., 0., 1., 0. ]
disparity_to_depth: !!opencv-matrix
   rows: 4
   cols: 4
   dt: d
   data: [ 1., 0., 0., -2.9390179061889648e+02, 0., 1., 0.,
       -2.2817537689208984e+02, 0., 0., 0., 1.4091502364913438e+02, 0.,
       0., 1.0741374592452783e-02, 0. ]
