%YAML:1.0
CM1: !!opencv-matrix
   rows: 3
   cols: 3
   dt: d
   data: [ 5.3843983149323981e+02, 0., 3.2036811731156877e+02, 0.,
       5.4009967728468473e+02, 2.0407356611987541e+02, 0., 0., 1. ]
CM2: !!opencv-matrix
   rows: 3
   cols: 3
   dt: d
   data: [ 5.3843983149323981e+02, 0., 3.2059387592233480e+02, 0.,
       5.4009967728468473e+02, 2.0869140577322059e+02, 0., 0., 1. ]
D1: !!opencv-matrix
   rows: 1
   cols: 5
   dt: d
   data: [ 3.8260933793163213e-02, -3.2287111057994877e-01, 0., 0.,
       2.4030732324224555e-01 ]
D2: !!opencv-matrix
   rows: 1
   cols: 5
   dt: d
   data: [ 1.1266527505852356e-01, -5.4976767277430139e-01, 0., 0.,
       3.9825004605666464e-01 ]
R: !!opencv-matrix
   rows: 3
   cols: 3
   dt: d
   data: [ 9.9951090991024016e-01, 1.5482487848206587e-03,
       -3.1233698085627794e-02, -2.1581035658923510e-03,
       9.9980750267123308e-01, -1.9501286914230146e-02,
       3.1197492838411403e-02, 1.9559154583277432e-02,
       9.9932184801123236e-01 ]
T: !!opencv-matrix
   rows: 3
   cols: 1
   dt: d
   data: [ 9.0087329848433910e+00, 1.0505468177026275e-01,
       3.9312918192782965e-02 ]
E: !!opencv-matrix
   rows: 3
   cols: 3
   dt: d
   data: [ 3.3622840311068403e-03, -3.7250569800603241e-02,
       1.0575009122600403e-01, -2.4175619214371696e-01,
       -1.7614233487220246e-01, -9.0038515824711407e+00,
       -1.2444507934528860e-01, 9.0068361770248426e+00,
       -1.7240064045822584e-01 ]
F: !!opencv-matrix
   rows: 3
   cols: 3
   dt: d
   data: [ -6.6669919646864104e-08, 7.3636258883932651e-07,
       -1.2579639741711990e-03, 4.7789930856843473e-06,
       3.4712493095873749e-06, 9.3595607108477405e-02,
       3.5268872530588006e-04, -9.6827294960231083e-02, 1. ]
R1: !!opencv-matrix
   rows: 3
   cols: 3
   dt: d
   data: [ 9.9954440728079852e-01, 1.3291754234797164e-02,
       -2.7098102203642137e-02, -1.3553309067249674e-02,
       9.9986310093807995e-01, -9.4914274908826021e-03,
       2.6968234777324431e-02, 9.8543722199248094e-03,
       9.9958771784228440e-01 ]
R2: !!opencv-matrix
   rows: 3
   cols: 3
   dt: d
   data: [ 9.9992249290218682e-01, 1.1660523123896231e-02,
       4.3635293918376974e-03, -1.1702191066435150e-02,
       9.9988497445736968e-01, 9.6486568303475548e-03,
       -4.2505190884168081e-03, -9.6989718456261254e-03,
       9.9994392994438275e-01 ]
P1: !!opencv-matrix
   rows: 3
   cols: 4
   dt: d
   data: [ 5.4009967728468473e+02, 0., 3.2864954757690430e+02, 0., 0.,
       5.4009967728468473e+02, 2.0304038429260254e+02, 0., 0., 0., 1.,
       0. ]
P2: !!opencv-matrix
   rows: 3
   cols: 4
   dt: d
   data: [ 5.4009967728468473e+02, 0., 3.2864954757690430e+02,
       4.8659909266925242e+03, 0., 5.4009967728468473e+02,
       2.0304038429260254e+02, 0., 0., 0., 1., 0. ]
Q: !!opencv-matrix
   rows: 4
   cols: 4
   dt: d
   data: [ 1., 0., 0., -3.2864954757690430e+02, 0., 1., 0.,
       -2.0304038429260254e+02, 0., 0., 0., 5.4009967728468473e+02, 0.,
       0., -1.1099479744648792e-01, 0. ]
